corplab/images/107.png -1.513580084 5.143789768 1.299999997
corplab/images/949.png 6.486419916 1.143789768 1.299999997
corplab/images/1132.png 8.486419916 -1.856210232 1.299999997
corplab/images/933.png 6.486419916 0.143789768 1.299999997
corplab/images/759.png 4.486419916 4.143789768 1.299999997
corplab/images/921.png 6.486419916 -0.856210232 1.299999997
corplab/images/792.png 5.486419916 -2.856210232 1.299999997
corplab/images/1057.png 7.486419916 1.143789768 1.299999997
corplab/images/1501.png 11.48641992 2.143789768 1.299999997
corplab/images/616.png 3.486419916 1.143789768 1.299999997
corplab/images/322.png 0.486419916 5.143789768 1.299999997
corplab/images/364.png 1.486419916 -1.856210232 1.299999997
corplab/images/46.png -1.513580084 -0.856210232 1.299999997
corplab/images/1978.png 15.48641992 5.143789768 1.299999997
corplab/images/1515.png 11.48641992 3.143789768 1.299999997
corplab/images/1846.png 14.48641992 3.143789768 1.299999997
corplab/images/147.png -0.513580084 -1.856210232 1.299999997
corplab/images/721.png 4.486419916 1.143789768 1.299999997
corplab/images/156.png -0.513580084 -0.856210232 1.299999997
corplab/images/1179.png 8.486419916 2.143789768 1.299999997
corplab/images/1246.png 9.486419916 -1.856210232 1.299999997
corplab/images/1449.png 11.48641992 -3.856210232 1.299999997
corplab/images/929.png 6.486419916 -0.856210232 1.299999997
corplab/images/1712.png 13.48641992 1.143789768 1.299999997
corplab/images/938.png 6.486419916 0.143789768 1.299999997
corplab/images/417.png 1.486419916 3.143789768 1.299999997
corplab/images/2090.png 16.48641992 5.143789768 1.299999997
corplab/images/832.png 5.486419916 1.143789768 1.299999997
corplab/images/1232.png 9.486419916 -2.856210232 1.299999997
corplab/images/1244.png 9.486419916 -1.856210232 1.299999997
corplab/images/1333.png 10.48641992 -3.856210232 1.299999997
corplab/images/661.png 4.486419916 -4.856210232 1.299999997
corplab/images/890.png 6.486419916 -4.856210232 1.299999997
corplab/images/589.png 3.486419916 -1.856210232 1.299999997
corplab/images/199.png -0.513580084 3.143789768 1.299999997
corplab/images/1629.png 12.48641992 3.143789768 1.299999997
corplab/images/515.png 2.486419916 2.143789768 1.299999997
corplab/images/1619.png 12.48641992 2.143789768 1.299999997
corplab/images/481.png 2.486419916 -0.856210232 1.299999997
corplab/images/782.png 5.486419916 -3.856210232 1.299999997
corplab/images/248.png 0.486419916 -2.856210232 1.299999997
corplab/images/334.png 1.486419916 -4.856210232 1.299999997
corplab/images/1840.png 14.48641992 2.143789768 1.299999997
corplab/images/1597.png 12.48641992 0.143789768 1.299999997
corplab/images/202.png -0.513580084 4.143789768 1.299999997
corplab/images/332.png 1.486419916 -4.856210232 1.299999997
corplab/images/1348.png 10.48641992 -2.856210232 1.299999997
corplab/images/54.png -1.513580084 0.143789768 1.299999997
corplab/images/652.png 3.486419916 5.143789768 1.299999997
corplab/images/1367.png 10.48641992 -0.856210232 1.299999997
corplab/images/1275.png 9.486419916 1.143789768 1.299999997
corplab/images/1140.png 8.486419916 -1.856210232 1.299999997
corplab/images/379.png 1.486419916 -0.856210232 1.299999997
corplab/images/572.png 3.486419916 -2.856210232 1.299999997
corplab/images/349.png 1.486419916 -3.856210232 1.299999997
corplab/images/1139.png 8.486419916 -1.856210232 1.299999997
corplab/images/528.png 2.486419916 3.143789768 1.299999997
corplab/images/945.png 6.486419916 1.143789768 1.299999997
corplab/images/302.png 0.486419916 3.143789768 1.299999997
corplab/images/1669.png 13.48641992 -3.856210232 1.299999997
corplab/images/1072.png 7.486419916 3.143789768 1.299999997
corplab/images/756.png 4.486419916 4.143789768 1.299999997
corplab/images/724.png 4.486419916 1.143789768 1.299999997
corplab/images/2050.png 16.48641992 1.143789768 1.299999997
corplab/images/320.png 0.486419916 4.143789768 1.299999997
corplab/images/350.png 1.486419916 -3.856210232 1.299999997
corplab/images/1713.png 13.48641992 1.143789768 1.299999997
corplab/images/1933.png 15.48641992 1.143789768 1.299999997
corplab/images/1347.png 10.48641992 -2.856210232 1.299999997
corplab/images/942.png 6.486419916 1.143789768 1.299999997
corplab/images/650.png 3.486419916 4.143789768 1.299999997
corplab/images/777.png 5.486419916 -4.856210232 1.299999997
corplab/images/1716.png 13.48641992 1.143789768 1.299999997
corplab/images/863.png 5.486419916 4.143789768 1.299999997
corplab/images/1311.png 9.486419916 5.143789768 1.299999997
corplab/images/638.png 3.486419916 3.143789768 1.299999997
corplab/images/1028.png 7.486419916 -1.856210232 1.299999997
corplab/images/1261.png 9.486419916 0.143789768 1.299999997
corplab/images/50.png -1.513580084 -0.856210232 1.299999997
corplab/images/802.png 5.486419916 -1.856210232 1.299999997
corplab/images/385.png 1.486419916 0.143789768 1.299999997
corplab/images/927.png 6.486419916 -0.856210232 1.299999997
corplab/images/1229.png 9.486419916 -3.856210232 1.299999997
corplab/images/1337.png 10.48641992 -3.856210232 1.299999997
corplab/images/1693.png 13.48641992 -0.856210232 1.299999997
corplab/images/1975.png 15.48641992 5.143789768 1.299999997
corplab/images/1692.png 13.48641992 -0.856210232 1.299999997
corplab/images/1133.png 8.486419916 -1.856210232 1.299999997
corplab/images/1344.png 10.48641992 -2.856210232 1.299999997
corplab/images/718.png 4.486419916 0.143789768 1.299999997
corplab/images/725.png 4.486419916 1.143789768 1.299999997
corplab/images/623.png 3.486419916 2.143789768 1.299999997
corplab/images/1831.png 14.48641992 2.143789768 1.299999997
corplab/images/763.png 4.486419916 5.143789768 1.299999997
corplab/images/900.png 6.486419916 -3.856210232 1.299999997
corplab/images/1646.png 12.48641992 5.143789768 1.299999997
corplab/images/1103.png 8.486419916 -4.856210232 1.299999997
corplab/images/174.png -0.513580084 1.143789768 1.299999997
corplab/images/1349.png 10.48641992 -2.856210232 1.299999997
corplab/images/1149.png 8.486419916 -0.856210232 1.299999997
corplab/images/1048.png 7.486419916 0.143789768 1.299999997
corplab/images/200.png -0.513580084 3.143789768 1.299999997
corplab/images/978.png 6.486419916 4.143789768 1.299999997
corplab/images/347.png 1.486419916 -3.856210232 1.299999997
corplab/images/1180.png 8.486419916 2.143789768 1.299999997
corplab/images/360.png 1.486419916 -2.856210232 1.299999997
corplab/images/1539.png 11.48641992 5.143789768 1.299999997
corplab/images/914.png 6.486419916 -1.856210232 1.299999997
corplab/images/615.png 3.486419916 1.143789768 1.299999997
corplab/images/826.png 5.486419916 0.143789768 1.299999997
corplab/images/704.png 4.486419916 -0.856210232 1.299999997
corplab/images/187.png -0.513580084 2.143789768 1.299999997
corplab/images/1277.png 9.486419916 1.143789768 1.299999997
corplab/images/1708.png 13.48641992 0.143789768 1.299999997
corplab/images/1736.png 13.48641992 3.143789768 1.299999997
corplab/images/923.png 6.486419916 -0.856210232 1.299999997
corplab/images/1584.png 12.48641992 -0.856210232 1.299999997
corplab/images/1565.png 12.48641992 -2.856210232 1.299999997
corplab/images/1661.png 13.48641992 -3.856210232 1.299999997
corplab/images/844.png 5.486419916 2.143789768 1.299999997
corplab/images/898.png 6.486419916 -3.856210232 1.299999997
corplab/images/274.png 0.486419916 0.143789768 1.299999997
corplab/images/1173.png 8.486419916 2.143789768 1.299999997
corplab/images/1421.png 10.48641992 5.143789768 1.299999997
corplab/images/687.png 4.486419916 -2.856210232 1.299999997
corplab/images/1419.png 10.48641992 4.143789768 1.299999997
corplab/images/177.png -0.513580084 1.143789768 1.299999997
corplab/images/614.png 3.486419916 1.143789768 1.299999997
corplab/images/1230.png 9.486419916 -3.856210232 1.299999997
corplab/images/1389.png 10.48641992 1.143789768 1.299999997
corplab/images/496.png 2.486419916 0.143789768 1.299999997
corplab/images/506.png 2.486419916 1.143789768 1.299999997
corplab/images/446.png 2.486419916 -4.856210232 1.299999997
corplab/images/1516.png 11.48641992 3.143789768 1.299999997
corplab/images/1104.png 8.486419916 -4.856210232 1.299999997
corplab/images/996.png 7.486419916 -4.856210232 1.299999997
corplab/images/1747.png 13.48641992 4.143789768 1.299999997
corplab/images/1576.png 12.48641992 -1.856210232 1.299999997
corplab/images/1701.png 13.48641992 0.143789768 1.299999997
corplab/images/575.png 3.486419916 -2.856210232 1.299999997
corplab/images/1320.png 9.486419916 5.143789768 1.299999997
corplab/images/436.png 1.486419916 5.143789768 1.299999997
corplab/images/1006.png 7.486419916 -3.856210232 1.299999997
corplab/images/1543.png 12.48641992 -4.856210232 1.299999997
corplab/images/1549.png 12.48641992 -4.856210232 1.299999997
corplab/images/778.png 5.486419916 -4.856210232 1.299999997
corplab/images/764.png 4.486419916 5.143789768 1.299999997
corplab/images/272.png 0.486419916 0.143789768 1.299999997
corplab/images/588.png 3.486419916 -1.856210232 1.299999997
corplab/images/1280.png 9.486419916 1.143789768 1.299999997
corplab/images/955.png 6.486419916 2.143789768 1.299999997
corplab/images/1161.png 8.486419916 1.143789768 1.299999997
corplab/images/1583.png 12.48641992 -0.856210232 1.299999997
corplab/images/1111.png 8.486419916 -3.856210232 1.299999997
corplab/images/1107.png 8.486419916 -4.856210232 1.299999997
corplab/images/369.png 1.486419916 -1.856210232 1.299999997
corplab/images/1162.png 8.486419916 1.143789768 1.299999997
corplab/images/1849.png 14.48641992 3.143789768 1.299999997
corplab/images/1060.png 7.486419916 1.143789768 1.299999997
corplab/images/530.png 2.486419916 3.143789768 1.299999997
corplab/images/1511.png 11.48641992 3.143789768 1.299999997
corplab/images/1715.png 13.48641992 1.143789768 1.299999997
corplab/images/1138.png 8.486419916 -1.856210232 1.299999997
corplab/images/397.png 1.486419916 1.143789768 1.299999997
corplab/images/1303.png 9.486419916 4.143789768 1.299999997
corplab/images/1289.png 9.486419916 2.143789768 1.299999997
corplab/images/82.png -1.513580084 3.143789768 1.299999997
corplab/images/744.png 4.486419916 3.143789768 1.299999997
corplab/images/1665.png 13.48641992 -3.856210232 1.299999997
corplab/images/646.png 3.486419916 4.143789768 1.299999997
corplab/images/68.png -1.513580084 1.143789768 1.299999997
corplab/images/1000.png 7.486419916 -4.856210232 1.299999997
corplab/images/1297.png 9.486419916 3.143789768 1.299999997
corplab/images/716.png 4.486419916 0.143789768 1.299999997
corplab/images/941.png 6.486419916 1.143789768 1.299999997
corplab/images/471.png 2.486419916 -1.856210232 1.299999997
corplab/images/705.png 4.486419916 -0.856210232 1.299999997
corplab/images/179.png -0.513580084 1.143789768 1.299999997
corplab/images/217.png -0.513580084 5.143789768 1.299999997
corplab/images/684.png 4.486419916 -2.856210232 1.299999997
corplab/images/751.png 4.486419916 4.143789768 1.299999997
corplab/images/1728.png 13.48641992 2.143789768 1.299999997
corplab/images/629.png 3.486419916 2.143789768 1.299999997
corplab/images/1359.png 10.48641992 -1.856210232 1.299999997
corplab/images/1172.png 8.486419916 2.143789768 1.299999997
corplab/images/1434.png 11.48641992 -4.856210232 1.299999997
corplab/images/1519.png 11.48641992 3.143789768 1.299999997
corplab/images/1556.png 12.48641992 -3.856210232 1.299999997
corplab/images/645.png 3.486419916 4.143789768 1.299999997
corplab/images/163.png -0.513580084 0.143789768 1.299999997
corplab/images/270.png 0.486419916 -0.856210232 1.299999997
corplab/images/640.png 3.486419916 3.143789768 1.299999997
corplab/images/1033.png 7.486419916 -0.856210232 1.299999997
corplab/images/1258.png 9.486419916 -0.856210232 1.299999997
corplab/images/166.png -0.513580084 0.143789768 1.299999997
corplab/images/1697.png 13.48641992 -0.856210232 1.299999997
corplab/images/858.png 5.486419916 3.143789768 1.299999997
corplab/images/1249.png 9.486419916 -1.856210232 1.299999997
corplab/images/932.png 6.486419916 0.143789768 1.299999997
corplab/images/335.png 1.486419916 -4.856210232 1.299999997
corplab/images/103.png -1.513580084 5.143789768 1.299999997
corplab/images/853.png 5.486419916 3.143789768 1.299999997
corplab/images/1167.png 8.486419916 1.143789768 1.299999997
corplab/images/1971.png 15.48641992 5.143789768 1.299999997
corplab/images/2088.png 16.48641992 5.143789768 1.299999997
corplab/images/679.png 4.486419916 -3.856210232 1.299999997
corplab/images/1379.png 10.48641992 0.143789768 1.299999997
corplab/images/313.png 0.486419916 4.143789768 1.299999997
corplab/images/1949.png 15.48641992 2.143789768 1.299999997
corplab/images/675.png 4.486419916 -3.856210232 1.299999997
corplab/images/447.png 2.486419916 -4.856210232 1.299999997
corplab/images/1364.png 10.48641992 -0.856210232 1.299999997
corplab/images/989.png 6.486419916 5.143789768 1.299999997
corplab/images/160.png -0.513580084 -0.856210232 1.299999997
corplab/images/340.png 1.486419916 -4.856210232 1.299999997
corplab/images/542.png 2.486419916 5.143789768 1.299999997
corplab/images/1587.png 12.48641992 -0.856210232 1.299999997
corplab/images/1388.png 10.48641992 1.143789768 1.299999997
corplab/images/1739.png 13.48641992 3.143789768 1.299999997
corplab/images/749.png 4.486419916 3.143789768 1.299999997
corplab/images/1683.png 13.48641992 -1.856210232 1.299999997
corplab/images/58.png -1.513580084 0.143789768 1.299999997
corplab/images/1688.png 13.48641992 -1.856210232 1.299999997
corplab/images/1453.png 11.48641992 -2.856210232 1.299999997
corplab/images/1633.png 12.48641992 4.143789768 1.299999997
corplab/images/962.png 6.486419916 3.143789768 1.299999997
corplab/images/277.png 0.486419916 0.143789768 1.299999997
corplab/images/788.png 5.486419916 -3.856210232 1.299999997
corplab/images/1255.png 9.486419916 -0.856210232 1.299999997
corplab/images/1327.png 10.48641992 -4.856210232 1.299999997
corplab/images/495.png 2.486419916 0.143789768 1.299999997
corplab/images/686.png 4.486419916 -2.856210232 1.299999997
corplab/images/1198.png 8.486419916 4.143789768 1.299999997
corplab/images/401.png 1.486419916 2.143789768 1.299999997
corplab/images/75.png -1.513580084 2.143789768 1.299999997
corplab/images/797.png 5.486419916 -2.856210232 1.299999997
corplab/images/813.png 5.486419916 -0.856210232 1.299999997
corplab/images/290.png 0.486419916 1.143789768 1.299999997
corplab/images/660.png 3.486419916 5.143789768 1.299999997
corplab/images/118.png -0.513580084 -4.856210232 1.299999997
corplab/images/1858.png 14.48641992 4.143789768 1.299999997
corplab/images/1468.png 11.48641992 -1.856210232 1.299999997
corplab/images/491.png 2.486419916 0.143789768 1.299999997
corplab/images/746.png 4.486419916 3.143789768 1.299999997
corplab/images/1403.png 10.48641992 3.143789768 1.299999997
corplab/images/1437.png 11.48641992 -4.856210232 1.299999997
corplab/images/1012.png 7.486419916 -2.856210232 1.299999997
corplab/images/793.png 5.486419916 -2.856210232 1.299999997
corplab/images/458.png 2.486419916 -3.856210232 1.299999997
corplab/images/662.png 4.486419916 -4.856210232 1.299999997
corplab/images/1354.png 10.48641992 -1.856210232 1.299999997
corplab/images/1490.png 11.48641992 0.143789768 1.299999997
corplab/images/329.png 0.486419916 5.143789768 1.299999997
corplab/images/1023.png 7.486419916 -1.856210232 1.299999997
corplab/images/101.png -1.513580084 5.143789768 1.299999997
corplab/images/1636.png 12.48641992 4.143789768 1.299999997
corplab/images/1210.png 8.486419916 5.143789768 1.299999997
corplab/images/391.png 1.486419916 1.143789768 1.299999997
corplab/images/1203.png 8.486419916 5.143789768 1.299999997
corplab/images/37.png -1.513580084 -1.856210232 1.299999997
corplab/images/1578.png 12.48641992 -1.856210232 1.299999997
corplab/images/456.png 2.486419916 -3.856210232 1.299999997
corplab/images/1672.png 13.48641992 -2.856210232 1.299999997
corplab/images/1960.png 15.48641992 3.143789768 1.299999997
corplab/images/894.png 6.486419916 -3.856210232 1.299999997
corplab/images/487.png 2.486419916 -0.856210232 1.299999997
corplab/images/2041.png 16.48641992 1.143789768 1.299999997
corplab/images/181.png -0.513580084 2.143789768 1.299999997
corplab/images/713.png 4.486419916 0.143789768 1.299999997
corplab/images/1474.png 11.48641992 -0.856210232 1.299999997
corplab/images/943.png 6.486419916 1.143789768 1.299999997
corplab/images/169.png -0.513580084 0.143789768 1.299999997
corplab/images/1201.png 8.486419916 5.143789768 1.299999997
corplab/images/400.png 1.486419916 1.143789768 1.299999997
corplab/images/1632.png 12.48641992 4.143789768 1.299999997
corplab/images/1472.png 11.48641992 -0.856210232 1.299999997
corplab/images/1489.png 11.48641992 0.143789768 1.299999997
corplab/images/1008.png 7.486419916 -3.856210232 1.299999997
corplab/images/1870.png 14.48641992 5.143789768 1.299999997
corplab/images/32.png -1.513580084 -1.856210232 1.299999997
corplab/images/462.png 2.486419916 -2.856210232 1.299999997
corplab/images/887.png 6.486419916 -4.856210232 1.299999997
corplab/images/1508.png 11.48641992 2.143789768 1.299999997
corplab/images/230.png 0.486419916 -4.856210232 1.299999997
corplab/images/1061.png 7.486419916 2.143789768 1.299999997
corplab/images/694.png 4.486419916 -1.856210232 1.299999997
corplab/images/732.png 4.486419916 2.143789768 1.299999997
corplab/images/1375.png 10.48641992 0.143789768 1.299999997
corplab/images/1980.png 15.48641992 5.143789768 1.299999997
corplab/images/1166.png 8.486419916 1.143789768 1.299999997
corplab/images/882.png 6.486419916 -4.856210232 1.299999997
corplab/images/1477.png 11.48641992 -0.856210232 1.299999997
corplab/images/722.png 4.486419916 1.143789768 1.299999997
corplab/images/1745.png 13.48641992 4.143789768 1.299999997
corplab/images/1659.png 13.48641992 -4.856210232 1.299999997
corplab/images/239.png 0.486419916 -3.856210232 1.299999997
corplab/images/78.png -1.513580084 2.143789768 1.299999997
corplab/images/86.png -1.513580084 3.143789768 1.299999997
corplab/images/1087.png 7.486419916 4.143789768 1.299999997
corplab/images/1483.png 11.48641992 0.143789768 1.299999997
corplab/images/1856.png 14.48641992 4.143789768 1.299999997
corplab/images/620.png 3.486419916 1.143789768 1.299999997
corplab/images/1062.png 7.486419916 2.143789768 1.299999997
corplab/images/870.png 5.486419916 4.143789768 1.299999997
corplab/images/83.png -1.513580084 3.143789768 1.299999997
corplab/images/1671.png 13.48641992 -2.856210232 1.299999997
corplab/images/1346.png 10.48641992 -2.856210232 1.299999997
corplab/images/1313.png 9.486419916 5.143789768 1.299999997
corplab/images/1967.png 15.48641992 4.143789768 1.299999997
corplab/images/1272.png 9.486419916 1.143789768 1.299999997
corplab/images/1288.png 9.486419916 2.143789768 1.299999997
corplab/images/71.png -1.513580084 2.143789768 1.299999997
corplab/images/580.png 3.486419916 -2.856210232 1.299999997
corplab/images/1117.png 8.486419916 -3.856210232 1.299999997
corplab/images/321.png 0.486419916 5.143789768 1.299999997
corplab/images/1746.png 13.48641992 4.143789768 1.299999997
corplab/images/1283.png 9.486419916 2.143789768 1.299999997
corplab/images/132.png -0.513580084 -2.856210232 1.299999997
corplab/images/1169.png 8.486419916 1.143789768 1.299999997
corplab/images/1550.png 12.48641992 -4.856210232 1.299999997
corplab/images/1090.png 7.486419916 4.143789768 1.299999997
corplab/images/1120.png 8.486419916 -3.856210232 1.299999997
corplab/images/809.png 5.486419916 -1.856210232 1.299999997
corplab/images/1668.png 13.48641992 -3.856210232 1.299999997
corplab/images/1116.png 8.486419916 -3.856210232 1.299999997
corplab/images/697.png 4.486419916 -1.856210232 1.299999997
corplab/images/162.png -0.513580084 0.143789768 1.299999997
corplab/images/61.png -1.513580084 1.143789768 1.299999997
corplab/images/569.png 3.486419916 -3.856210232 1.299999997
corplab/images/317.png 0.486419916 4.143789768 1.299999997
corplab/images/1266.png 9.486419916 0.143789768 1.299999997
corplab/images/1717.png 13.48641992 1.143789768 1.299999997
corplab/images/1009.png 7.486419916 -3.856210232 1.299999997
corplab/images/1240.png 9.486419916 -2.856210232 1.299999997
corplab/images/1100.png 7.486419916 5.143789768 1.299999997
corplab/images/907.png 6.486419916 -2.856210232 1.299999997
corplab/images/655.png 3.486419916 5.143789768 1.299999997
corplab/images/1150.png 8.486419916 -0.856210232 1.299999997
corplab/images/1193.png 8.486419916 4.143789768 1.299999997
corplab/images/128.png -0.513580084 -3.856210232 1.299999997
corplab/images/392.png 1.486419916 1.143789768 1.299999997
corplab/images/1475.png 11.48641992 -0.856210232 1.299999997
corplab/images/483.png 2.486419916 -0.856210232 1.299999997
corplab/images/214.png -0.513580084 5.143789768 1.299999997
corplab/images/1321.png 10.48641992 -4.856210232 1.299999997
corplab/images/805.png 5.486419916 -1.856210232 1.299999997
corplab/images/1007.png 7.486419916 -3.856210232 1.299999997
corplab/images/1958.png 15.48641992 3.143789768 1.299999997
corplab/images/880.png 5.486419916 5.143789768 1.299999997
corplab/images/285.png 0.486419916 1.143789768 1.299999997
corplab/images/1520.png 11.48641992 3.143789768 1.299999997
corplab/images/1282.png 9.486419916 2.143789768 1.299999997
corplab/images/240.png 0.486419916 -3.856210232 1.299999997
corplab/images/567.png 3.486419916 -3.856210232 1.299999997
corplab/images/129.png -0.513580084 -3.856210232 1.299999997
corplab/images/271.png 0.486419916 0.143789768 1.299999997
corplab/images/930.png 6.486419916 -0.856210232 1.299999997
corplab/images/1077.png 7.486419916 3.143789768 1.299999997
corplab/images/1944.png 15.48641992 2.143789768 1.299999997
corplab/images/618.png 3.486419916 1.143789768 1.299999997
corplab/images/1965.png 15.48641992 4.143789768 1.299999997
corplab/images/983.png 6.486419916 5.143789768 1.299999997
corplab/images/1055.png 7.486419916 1.143789768 1.299999997
corplab/images/1979.png 15.48641992 5.143789768 1.299999997
corplab/images/924.png 6.486419916 -0.856210232 1.299999997
corplab/images/67.png -1.513580084 1.143789768 1.299999997
corplab/images/1025.png 7.486419916 -1.856210232 1.299999997
corplab/images/1396.png 10.48641992 2.143789768 1.299999997
corplab/images/839.png 5.486419916 1.143789768 1.299999997
corplab/images/728.png 4.486419916 1.143789768 1.299999997
corplab/images/2084.png 16.48641992 5.143789768 1.299999997
corplab/images/1686.png 13.48641992 -1.856210232 1.299999997
corplab/images/512.png 2.486419916 2.143789768 1.299999997
corplab/images/1234.png 9.486419916 -2.856210232 1.299999997
corplab/images/1146.png 8.486419916 -0.856210232 1.299999997
corplab/images/394.png 1.486419916 1.143789768 1.299999997
corplab/images/752.png 4.486419916 4.143789768 1.299999997
corplab/images/1231.png 9.486419916 -2.856210232 1.299999997
corplab/images/1660.png 13.48641992 -4.856210232 1.299999997
corplab/images/499.png 2.486419916 0.143789768 1.299999997
corplab/images/1185.png 8.486419916 3.143789768 1.299999997
corplab/images/383.png 1.486419916 0.143789768 1.299999997
corplab/images/1257.png 9.486419916 -0.856210232 1.299999997
corplab/images/2044.png 16.48641992 1.143789768 1.299999997
corplab/images/468.png 2.486419916 -2.856210232 1.299999997
corplab/images/484.png 2.486419916 -0.856210232 1.299999997
corplab/images/1168.png 8.486419916 1.143789768 1.299999997
corplab/images/1196.png 8.486419916 4.143789768 1.299999997
corplab/images/658.png 3.486419916 5.143789768 1.299999997
corplab/images/267.png 0.486419916 -0.856210232 1.299999997
corplab/images/1627.png 12.48641992 3.143789768 1.299999997
corplab/images/164.png -0.513580084 0.143789768 1.299999997
corplab/images/648.png 3.486419916 4.143789768 1.299999997
corplab/images/311.png 0.486419916 4.143789768 1.299999997
corplab/images/743.png 4.486419916 3.143789768 1.299999997
corplab/images/522.png 2.486419916 3.143789768 1.299999997
corplab/images/1423.png 10.48641992 5.143789768 1.299999997
corplab/images/318.png 0.486419916 4.143789768 1.299999997
corplab/images/700.png 4.486419916 -1.856210232 1.299999997
corplab/images/529.png 2.486419916 3.143789768 1.299999997
corplab/images/249.png 0.486419916 -2.856210232 1.299999997
corplab/images/1488.png 11.48641992 0.143789768 1.299999997
corplab/images/1186.png 8.486419916 3.143789768 1.299999997
corplab/images/649.png 3.486419916 4.143789768 1.299999997
corplab/images/1018.png 7.486419916 -2.856210232 1.299999997
corplab/images/799.png 5.486419916 -2.856210232 1.299999997
corplab/images/1446.png 11.48641992 -3.856210232 1.299999997
corplab/images/238.png 0.486419916 -3.856210232 1.299999997
corplab/images/1667.png 13.48641992 -3.856210232 1.299999997
corplab/images/622.png 3.486419916 2.143789768 1.299999997
corplab/images/1284.png 9.486419916 2.143789768 1.299999997
corplab/images/668.png 4.486419916 -4.856210232 1.299999997
corplab/images/1194.png 8.486419916 4.143789768 1.299999997
corplab/images/1699.png 13.48641992 -0.856210232 1.299999997
corplab/images/1069.png 7.486419916 2.143789768 1.299999997
corplab/images/970.png 6.486419916 3.143789768 1.299999997
corplab/images/821.png 5.486419916 0.143789768 1.299999997
corplab/images/594.png 3.486419916 -0.856210232 1.299999997
corplab/images/1209.png 8.486419916 5.143789768 1.299999997
corplab/images/1838.png 14.48641992 2.143789768 1.299999997
corplab/images/881.png 6.486419916 -4.856210232 1.299999997
corplab/images/252.png 0.486419916 -1.856210232 1.299999997
corplab/images/482.png 2.486419916 -0.856210232 1.299999997
corplab/images/1267.png 9.486419916 0.143789768 1.299999997
corplab/images/625.png 3.486419916 2.143789768 1.299999997
corplab/images/44.png -1.513580084 -0.856210232 1.299999997
corplab/images/517.png 2.486419916 2.143789768 1.299999997
corplab/images/45.png -1.513580084 -0.856210232 1.299999997
corplab/images/1968.png 15.48641992 4.143789768 1.299999997
corplab/images/110.png -1.513580084 5.143789768 1.299999997
corplab/images/703.png 4.486419916 -0.856210232 1.299999997
corplab/images/1690.png 13.48641992 -1.856210232 1.299999997
corplab/images/1749.png 13.48641992 4.143789768 1.299999997
corplab/images/992.png 7.486419916 -4.856210232 1.299999997
corplab/images/315.png 0.486419916 4.143789768 1.299999997
corplab/images/105.png -1.513580084 5.143789768 1.299999997
corplab/images/450.png 2.486419916 -4.856210232 1.299999997
corplab/images/982.png 6.486419916 5.143789768 1.299999997
corplab/images/547.png 2.486419916 5.143789768 1.299999997
corplab/images/52.png -1.513580084 0.143789768 1.299999997
corplab/images/981.png 6.486419916 5.143789768 1.299999997
corplab/images/1269.png 9.486419916 0.143789768 1.299999997
corplab/images/1851.png 14.48641992 4.143789768 1.299999997
corplab/images/720.png 4.486419916 0.143789768 1.299999997
corplab/images/829.png 5.486419916 0.143789768 1.299999997
corplab/images/411.png 1.486419916 3.143789768 1.299999997
corplab/images/568.png 3.486419916 -3.856210232 1.299999997
corplab/images/1673.png 13.48641992 -2.856210232 1.299999997
corplab/images/688.png 4.486419916 -2.856210232 1.299999997
corplab/images/757.png 4.486419916 4.143789768 1.299999997
corplab/images/1174.png 8.486419916 2.143789768 1.299999997
corplab/images/1341.png 10.48641992 -2.856210232 1.299999997
corplab/images/507.png 2.486419916 1.143789768 1.299999997
corplab/images/1822.png 14.48641992 1.143789768 1.299999997
corplab/images/241.png 0.486419916 -2.856210232 1.299999997
corplab/images/1836.png 14.48641992 2.143789768 1.299999997
corplab/images/98.png -1.513580084 4.143789768 1.299999997
corplab/images/1042.png 7.486419916 0.143789768 1.299999997
corplab/images/1326.png 10.48641992 -4.856210232 1.299999997
corplab/images/608.png 3.486419916 0.143789768 1.299999997
corplab/images/195.png -0.513580084 3.143789768 1.299999997
corplab/images/158.png -0.513580084 -0.856210232 1.299999997
corplab/images/1466.png 11.48641992 -1.856210232 1.299999997
corplab/images/911.png 6.486419916 -1.856210232 1.299999997
corplab/images/161.png -0.513580084 0.143789768 1.299999997
corplab/images/2043.png 16.48641992 1.143789768 1.299999997
corplab/images/1598.png 12.48641992 0.143789768 1.299999997
corplab/images/1188.png 8.486419916 3.143789768 1.299999997
corplab/images/432.png 1.486419916 5.143789768 1.299999997
corplab/images/298.png 0.486419916 2.143789768 1.299999997
corplab/images/591.png 3.486419916 -0.856210232 1.299999997
corplab/images/750.png 4.486419916 3.143789768 1.299999997
corplab/images/33.png -1.513580084 -1.856210232 1.299999997
corplab/images/1743.png 13.48641992 4.143789768 1.299999997
corplab/images/1360.png 10.48641992 -1.856210232 1.299999997
corplab/images/1664.png 13.48641992 -3.856210232 1.299999997
corplab/images/207.png -0.513580084 4.143789768 1.299999997
corplab/images/586.png 3.486419916 -1.856210232 1.299999997
corplab/images/226.png 0.486419916 -4.856210232 1.299999997
corplab/images/1306.png 9.486419916 4.143789768 1.299999997
corplab/images/786.png 5.486419916 -3.856210232 1.299999997
corplab/images/1600.png 12.48641992 0.143789768 1.299999997
corplab/images/934.png 6.486419916 0.143789768 1.299999997
corplab/images/545.png 2.486419916 5.143789768 1.299999997
corplab/images/1237.png 9.486419916 -2.856210232 1.299999997
corplab/images/806.png 5.486419916 -1.856210232 1.299999997
corplab/images/1727.png 13.48641992 2.143789768 1.299999997
corplab/images/637.png 3.486419916 3.143789768 1.299999997
corplab/images/133.png -0.513580084 -2.856210232 1.299999997
corplab/images/696.png 4.486419916 -1.856210232 1.299999997
corplab/images/76.png -1.513580084 2.143789768 1.299999997
corplab/images/1350.png 10.48641992 -2.856210232 1.299999997
corplab/images/111.png -0.513580084 -4.856210232 1.299999997
corplab/images/79.png -1.513580084 2.143789768 1.299999997
corplab/images/1407.png 10.48641992 3.143789768 1.299999997
corplab/images/1383.png 10.48641992 1.143789768 1.299999997
corplab/images/1264.png 9.486419916 0.143789768 1.299999997
corplab/images/1413.png 10.48641992 4.143789768 1.299999997
corplab/images/1612.png 12.48641992 2.143789768 1.299999997
corplab/images/1603.png 12.48641992 1.143789768 1.299999997
corplab/images/266.png 0.486419916 -0.856210232 1.299999997
corplab/images/1532.png 11.48641992 5.143789768 1.299999997
corplab/images/1961.png 15.48641992 4.143789768 1.299999997
corplab/images/228.png 0.486419916 -4.856210232 1.299999997
corplab/images/404.png 1.486419916 2.143789768 1.299999997
corplab/images/74.png -1.513580084 2.143789768 1.299999997
corplab/images/692.png 4.486419916 -1.856210232 1.299999997
corplab/images/1494.png 11.48641992 1.143789768 1.299999997
corplab/images/1241.png 9.486419916 -1.856210232 1.299999997
corplab/images/1324.png 10.48641992 -4.856210232 1.299999997
corplab/images/948.png 6.486419916 1.143789768 1.299999997
corplab/images/1291.png 9.486419916 3.143789768 1.299999997
corplab/images/825.png 5.486419916 0.143789768 1.299999997
corplab/images/376.png 1.486419916 -0.856210232 1.299999997
corplab/images/1183.png 8.486419916 3.143789768 1.299999997
corplab/images/330.png 0.486419916 5.143789768 1.299999997
corplab/images/109.png -1.513580084 5.143789768 1.299999997
corplab/images/1682.png 13.48641992 -1.856210232 1.299999997
corplab/images/319.png 0.486419916 4.143789768 1.299999997
corplab/images/726.png 4.486419916 1.143789768 1.299999997
corplab/images/1374.png 10.48641992 0.143789768 1.299999997
corplab/images/715.png 4.486419916 0.143789768 1.299999997
corplab/images/1070.png 7.486419916 2.143789768 1.299999997
corplab/images/1113.png 8.486419916 -3.856210232 1.299999997
corplab/images/1357.png 10.48641992 -1.856210232 1.299999997
corplab/images/1214.png 9.486419916 -4.856210232 1.299999997
corplab/images/1524.png 11.48641992 4.143789768 1.299999997
corplab/images/246.png 0.486419916 -2.856210232 1.299999997
corplab/images/1051.png 7.486419916 1.143789768 1.299999997
corplab/images/676.png 4.486419916 -3.856210232 1.299999997
corplab/images/393.png 1.486419916 1.143789768 1.299999997
corplab/images/677.png 4.486419916 -3.856210232 1.299999997
corplab/images/719.png 4.486419916 0.143789768 1.299999997
corplab/images/1227.png 9.486419916 -3.856210232 1.299999997
corplab/images/2083.png 16.48641992 5.143789768 1.299999997
corplab/images/1592.png 12.48641992 0.143789768 1.299999997
corplab/images/665.png 4.486419916 -4.856210232 1.299999997
corplab/images/1502.png 11.48641992 2.143789768 1.299999997
corplab/images/1972.png 15.48641992 5.143789768 1.299999997
corplab/images/1493.png 11.48641992 1.143789768 1.299999997
corplab/images/1541.png 12.48641992 -4.856210232 1.299999997
corplab/images/1655.png 13.48641992 -4.856210232 1.299999997
corplab/images/398.png 1.486419916 1.143789768 1.299999997
corplab/images/995.png 7.486419916 -4.856210232 1.299999997
corplab/images/282.png 0.486419916 1.143789768 1.299999997
corplab/images/66.png -1.513580084 1.143789768 1.299999997
corplab/images/190.png -0.513580084 2.143789768 1.299999997
corplab/images/1026.png 7.486419916 -1.856210232 1.299999997
corplab/images/497.png 2.486419916 0.143789768 1.299999997
corplab/images/480.png 2.486419916 -1.856210232 1.299999997
corplab/images/116.png -0.513580084 -4.856210232 1.299999997
corplab/images/787.png 5.486419916 -3.856210232 1.299999997
corplab/images/251.png 0.486419916 -1.856210232 1.299999997
corplab/images/681.png 4.486419916 -2.856210232 1.299999997
corplab/images/581.png 3.486419916 -1.856210232 1.299999997
corplab/images/1557.png 12.48641992 -3.856210232 1.299999997
corplab/images/669.png 4.486419916 -4.856210232 1.299999997
corplab/images/189.png -0.513580084 2.143789768 1.299999997
corplab/images/1029.png 7.486419916 -1.856210232 1.299999997
corplab/images/626.png 3.486419916 2.143789768 1.299999997
corplab/images/1238.png 9.486419916 -2.856210232 1.299999997
corplab/images/1130.png 8.486419916 -2.856210232 1.299999997
corplab/images/2048.png 16.48641992 1.143789768 1.299999997
corplab/images/766.png 4.486419916 5.143789768 1.299999997
corplab/images/414.png 1.486419916 3.143789768 1.299999997
corplab/images/425.png 1.486419916 4.143789768 1.299999997
corplab/images/1618.png 12.48641992 2.143789768 1.299999997
corplab/images/1353.png 10.48641992 -1.856210232 1.299999997
corplab/images/876.png 5.486419916 5.143789768 1.299999997
corplab/images/1106.png 8.486419916 -4.856210232 1.299999997
corplab/images/519.png 2.486419916 2.143789768 1.299999997
corplab/images/1662.png 13.48641992 -3.856210232 1.299999997
corplab/images/168.png -0.513580084 0.143789768 1.299999997
corplab/images/1652.png 13.48641992 -4.856210232 1.299999997
corplab/images/1065.png 7.486419916 2.143789768 1.299999997
corplab/images/501.png 2.486419916 1.143789768 1.299999997
corplab/images/520.png 2.486419916 2.143789768 1.299999997
corplab/images/1750.png 13.48641992 4.143789768 1.299999997
corplab/images/1276.png 9.486419916 1.143789768 1.299999997
corplab/images/717.png 4.486419916 0.143789768 1.299999997
corplab/images/196.png -0.513580084 3.143789768 1.299999997
corplab/images/99.png -1.513580084 4.143789768 1.299999997
corplab/images/1462.png 11.48641992 -1.856210232 1.299999997
corplab/images/579.png 3.486419916 -2.856210232 1.299999997
corplab/images/1127.png 8.486419916 -2.856210232 1.299999997
corplab/images/356.png 1.486419916 -2.856210232 1.299999997
corplab/images/1464.png 11.48641992 -1.856210232 1.299999997
corplab/images/1663.png 13.48641992 -3.856210232 1.299999997
corplab/images/965.png 6.486419916 3.143789768 1.299999997
corplab/images/627.png 3.486419916 2.143789768 1.299999997
corplab/images/1725.png 13.48641992 2.143789768 1.299999997
corplab/images/1440.png 11.48641992 -4.856210232 1.299999997
corplab/images/463.png 2.486419916 -2.856210232 1.299999997
corplab/images/1687.png 13.48641992 -1.856210232 1.299999997
corplab/images/1567.png 12.48641992 -2.856210232 1.299999997
corplab/images/218.png -0.513580084 5.143789768 1.299999997
corplab/images/1568.png 12.48641992 -2.856210232 1.299999997
corplab/images/1380.png 10.48641992 0.143789768 1.299999997
corplab/images/1171.png 8.486419916 2.143789768 1.299999997
corplab/images/1312.png 9.486419916 5.143789768 1.299999997
corplab/images/1615.png 12.48641992 2.143789768 1.299999997
corplab/images/493.png 2.486419916 0.143789768 1.299999997
corplab/images/1259.png 9.486419916 -0.856210232 1.299999997
corplab/images/848.png 5.486419916 2.143789768 1.299999997
corplab/images/1451.png 11.48641992 -2.856210232 1.299999997
corplab/images/532.png 2.486419916 4.143789768 1.299999997
corplab/images/1411.png 10.48641992 4.143789768 1.299999997
corplab/images/1315.png 9.486419916 5.143789768 1.299999997
corplab/images/699.png 4.486419916 -1.856210232 1.299999997
corplab/images/203.png -0.513580084 4.143789768 1.299999997
corplab/images/439.png 1.486419916 5.143789768 1.299999997
corplab/images/845.png 5.486419916 2.143789768 1.299999997
corplab/images/1247.png 9.486419916 -1.856210232 1.299999997
corplab/images/1200.png 8.486419916 4.143789768 1.299999997
corplab/images/198.png -0.513580084 3.143789768 1.299999997
corplab/images/1591.png 12.48641992 0.143789768 1.299999997
corplab/images/381.png 1.486419916 0.143789768 1.299999997
corplab/images/1296.png 9.486419916 3.143789768 1.299999997
corplab/images/1510.png 11.48641992 2.143789768 1.299999997
corplab/images/422.png 1.486419916 4.143789768 1.299999997
corplab/images/1732.png 13.48641992 3.143789768 1.299999997
corplab/images/90.png -1.513580084 3.143789768 1.299999997
corplab/images/1211.png 9.486419916 -4.856210232 1.299999997
corplab/images/1404.png 10.48641992 3.143789768 1.299999997
corplab/images/1940.png 15.48641992 1.143789768 1.299999997
corplab/images/1157.png 8.486419916 0.143789768 1.299999997
corplab/images/958.png 6.486419916 2.143789768 1.299999997
corplab/images/954.png 6.486419916 2.143789768 1.299999997
corplab/images/1147.png 8.486419916 -0.856210232 1.299999997
corplab/images/664.png 4.486419916 -4.856210232 1.299999997
corplab/images/235.png 0.486419916 -3.856210232 1.299999997
corplab/images/264.png 0.486419916 -0.856210232 1.299999997
corplab/images/1043.png 7.486419916 0.143789768 1.299999997
corplab/images/1368.png 10.48641992 -0.856210232 1.299999997
corplab/images/761.png 4.486419916 5.143789768 1.299999997
corplab/images/860.png 5.486419916 3.143789768 1.299999997
corplab/images/1101.png 8.486419916 -4.856210232 1.299999997
corplab/images/1024.png 7.486419916 -1.856210232 1.299999997
corplab/images/1637.png 12.48641992 4.143789768 1.299999997
corplab/images/1260.png 9.486419916 -0.856210232 1.299999997
corplab/images/333.png 1.486419916 -4.856210232 1.299999997
corplab/images/1537.png 11.48641992 5.143789768 1.299999997
corplab/images/91.png -1.513580084 4.143789768 1.299999997
corplab/images/64.png -1.513580084 1.143789768 1.299999997
corplab/images/951.png 6.486419916 2.143789768 1.299999997
corplab/images/1950.png 15.48641992 2.143789768 1.299999997
corplab/images/1966.png 15.48641992 4.143789768 1.299999997
corplab/images/1553.png 12.48641992 -3.856210232 1.299999997
corplab/images/953.png 6.486419916 2.143789768 1.299999997
corplab/images/685.png 4.486419916 -2.856210232 1.299999997
corplab/images/1861.png 14.48641992 5.143789768 1.299999997
corplab/images/1829.png 14.48641992 1.143789768 1.299999997
corplab/images/213.png -0.513580084 5.143789768 1.299999997
corplab/images/192.png -0.513580084 3.143789768 1.299999997
corplab/images/1208.png 8.486419916 5.143789768 1.299999997
corplab/images/1834.png 14.48641992 2.143789768 1.299999997
corplab/images/997.png 7.486419916 -4.856210232 1.299999997
corplab/images/1563.png 12.48641992 -2.856210232 1.299999997
corplab/images/1577.png 12.48641992 -1.856210232 1.299999997
corplab/images/835.png 5.486419916 1.143789768 1.299999997
corplab/images/1976.png 15.48641992 5.143789768 1.299999997
corplab/images/1135.png 8.486419916 -1.856210232 1.299999997
corplab/images/862.png 5.486419916 4.143789768 1.299999997
corplab/images/1471.png 11.48641992 -0.856210232 1.299999997
corplab/images/1045.png 7.486419916 0.143789768 1.299999997
corplab/images/370.png 1.486419916 -1.856210232 1.299999997
corplab/images/476.png 2.486419916 -1.856210232 1.299999997
corplab/images/984.png 6.486419916 5.143789768 1.299999997
corplab/images/812.png 5.486419916 -0.856210232 1.299999997
corplab/images/185.png -0.513580084 2.143789768 1.299999997
corplab/images/352.png 1.486419916 -2.856210232 1.299999997
corplab/images/1094.png 7.486419916 5.143789768 1.299999997
corplab/images/1119.png 8.486419916 -3.856210232 1.299999997
corplab/images/291.png 0.486419916 2.143789768 1.299999997
corplab/images/387.png 1.486419916 0.143789768 1.299999997
corplab/images/1623.png 12.48641992 3.143789768 1.299999997
corplab/images/1609.png 12.48641992 1.143789768 1.299999997
corplab/images/742.png 4.486419916 3.143789768 1.299999997
corplab/images/1212.png 9.486419916 -4.856210232 1.299999997
corplab/images/1499.png 11.48641992 1.143789768 1.299999997
corplab/images/1691.png 13.48641992 -0.856210232 1.299999997
corplab/images/122.png -0.513580084 -3.856210232 1.299999997
corplab/images/1336.png 10.48641992 -3.856210232 1.299999997
corplab/images/1036.png 7.486419916 -0.856210232 1.299999997
corplab/images/1301.png 9.486419916 4.143789768 1.299999997
corplab/images/840.png 5.486419916 1.143789768 1.299999997
corplab/images/84.png -1.513580084 3.143789768 1.299999997
corplab/images/348.png 1.486419916 -3.856210232 1.299999997
corplab/images/22.png -1.513580084 -2.856210232 1.299999997
corplab/images/903.png 6.486419916 -2.856210232 1.299999997
corplab/images/259.png 0.486419916 -1.856210232 1.299999997
corplab/images/23.png -1.513580084 -2.856210232 1.299999997
corplab/images/485.png 2.486419916 -0.856210232 1.299999997
corplab/images/1323.png 10.48641992 -4.856210232 1.299999997
corplab/images/557.png 3.486419916 -4.856210232 1.299999997
corplab/images/1428.png 10.48641992 5.143789768 1.299999997
corplab/images/1573.png 12.48641992 -1.856210232 1.299999997
corplab/images/1307.png 9.486419916 4.143789768 1.299999997
corplab/images/1361.png 10.48641992 -0.856210232 1.299999997
corplab/images/828.png 5.486419916 0.143789768 1.299999997
corplab/images/2046.png 16.48641992 1.143789768 1.299999997
corplab/images/1455.png 11.48641992 -2.856210232 1.299999997
corplab/images/1936.png 15.48641992 1.143789768 1.299999997
corplab/images/1020.png 7.486419916 -2.856210232 1.299999997
corplab/images/1013.png 7.486419916 -2.856210232 1.299999997
corplab/images/906.png 6.486419916 -2.856210232 1.299999997
corplab/images/678.png 4.486419916 -3.856210232 1.299999997
corplab/images/796.png 5.486419916 -2.856210232 1.299999997
corplab/images/1631.png 12.48641992 4.143789768 1.299999997
corplab/images/1447.png 11.48641992 -3.856210232 1.299999997
corplab/images/772.png 5.486419916 -4.856210232 1.299999997
corplab/images/1163.png 8.486419916 1.143789768 1.299999997
corplab/images/1420.png 10.48641992 4.143789768 1.299999997
corplab/images/610.png 3.486419916 0.143789768 1.299999997
corplab/images/88.png -1.513580084 3.143789768 1.299999997
corplab/images/1092.png 7.486419916 5.143789768 1.299999997
corplab/images/1552.png 12.48641992 -3.856210232 1.299999997
corplab/images/1538.png 11.48641992 5.143789768 1.299999997
corplab/images/1454.png 11.48641992 -2.856210232 1.299999997
corplab/images/1063.png 7.486419916 2.143789768 1.299999997
corplab/images/1676.png 13.48641992 -2.856210232 1.299999997
corplab/images/693.png 4.486419916 -1.856210232 1.299999997
corplab/images/1382.png 10.48641992 1.143789768 1.299999997
corplab/images/1088.png 7.486419916 4.143789768 1.299999997
corplab/images/39.png -1.513580084 -1.856210232 1.299999997
corplab/images/262.png 0.486419916 -0.856210232 1.299999997
corplab/images/288.png 0.486419916 1.143789768 1.299999997
corplab/images/388.png 1.486419916 0.143789768 1.299999997
corplab/images/53.png -1.513580084 0.143789768 1.299999997
corplab/images/1634.png 12.48641992 4.143789768 1.299999997
corplab/images/1650.png 12.48641992 5.143789768 1.299999997
corplab/images/1053.png 7.486419916 1.143789768 1.299999997
corplab/images/550.png 2.486419916 5.143789768 1.299999997
corplab/images/49.png -1.513580084 -0.856210232 1.299999997
corplab/images/1224.png 9.486419916 -3.856210232 1.299999997
corplab/images/565.png 3.486419916 -3.856210232 1.299999997
corplab/images/1156.png 8.486419916 0.143789768 1.299999997
corplab/images/902.png 6.486419916 -2.856210232 1.299999997
corplab/images/576.png 3.486419916 -2.856210232 1.299999997
corplab/images/287.png 0.486419916 1.143789768 1.299999997
corplab/images/1316.png 9.486419916 5.143789768 1.299999997
corplab/images/327.png 0.486419916 5.143789768 1.299999997
corplab/images/770.png 4.486419916 5.143789768 1.299999997
corplab/images/1469.png 11.48641992 -1.856210232 1.299999997
corplab/images/1722.png 13.48641992 2.143789768 1.299999997
corplab/images/361.png 1.486419916 -1.856210232 1.299999997
corplab/images/969.png 6.486419916 3.143789768 1.299999997
corplab/images/885.png 6.486419916 -4.856210232 1.299999997
corplab/images/205.png -0.513580084 4.143789768 1.299999997
corplab/images/475.png 2.486419916 -1.856210232 1.299999997
corplab/images/993.png 7.486419916 -4.856210232 1.299999997
corplab/images/1642.png 12.48641992 5.143789768 1.299999997
corplab/images/1112.png 8.486419916 -3.856210232 1.299999997
corplab/images/762.png 4.486419916 5.143789768 1.299999997
corplab/images/1322.png 10.48641992 -4.856210232 1.299999997
corplab/images/963.png 6.486419916 3.143789768 1.299999997
corplab/images/1680.png 13.48641992 -2.856210232 1.299999997
corplab/images/1141.png 8.486419916 -0.856210232 1.299999997
corplab/images/94.png -1.513580084 4.143789768 1.299999997
corplab/images/296.png 0.486419916 2.143789768 1.299999997
corplab/images/535.png 2.486419916 4.143789768 1.299999997
corplab/images/1433.png 11.48641992 -4.856210232 1.299999997
corplab/images/108.png -1.513580084 5.143789768 1.299999997
corplab/images/691.png 4.486419916 -1.856210232 1.299999997
corplab/images/1034.png 7.486419916 -0.856210232 1.299999997
corplab/images/1098.png 7.486419916 5.143789768 1.299999997
corplab/images/690.png 4.486419916 -2.856210232 1.299999997
corplab/images/1418.png 10.48641992 4.143789768 1.299999997
corplab/images/1943.png 15.48641992 2.143789768 1.299999997
corplab/images/314.png 0.486419916 4.143789768 1.299999997
corplab/images/1853.png 14.48641992 4.143789768 1.299999997
corplab/images/1857.png 14.48641992 4.143789768 1.299999997
corplab/images/143.png -0.513580084 -1.856210232 1.299999997
corplab/images/159.png -0.513580084 -0.856210232 1.299999997
corplab/images/1108.png 8.486419916 -4.856210232 1.299999997
corplab/images/244.png 0.486419916 -2.856210232 1.299999997
corplab/images/362.png 1.486419916 -1.856210232 1.299999997
corplab/images/150.png -0.513580084 -1.856210232 1.299999997
corplab/images/1126.png 8.486419916 -2.856210232 1.299999997
corplab/images/1066.png 7.486419916 2.143789768 1.299999997
corplab/images/1608.png 12.48641992 1.143789768 1.299999997
corplab/images/760.png 4.486419916 4.143789768 1.299999997
corplab/images/1500.png 11.48641992 1.143789768 1.299999997
corplab/images/976.png 6.486419916 4.143789768 1.299999997
corplab/images/1561.png 12.48641992 -2.856210232 1.299999997
corplab/images/972.png 6.486419916 4.143789768 1.299999997
corplab/images/263.png 0.486419916 -0.856210232 1.299999997
corplab/images/284.png 0.486419916 1.143789768 1.299999997
corplab/images/842.png 5.486419916 2.143789768 1.299999997
corplab/images/1526.png 11.48641992 4.143789768 1.299999997
corplab/images/1723.png 13.48641992 2.143789768 1.299999997
corplab/images/1548.png 12.48641992 -4.856210232 1.299999997
corplab/images/137.png -0.513580084 -2.856210232 1.299999997
corplab/images/1122.png 8.486419916 -2.856210232 1.299999997
corplab/images/212.png -0.513580084 5.143789768 1.299999997
corplab/images/1626.png 12.48641992 3.143789768 1.299999997
corplab/images/1681.png 13.48641992 -1.856210232 1.299999997
corplab/images/1461.png 11.48641992 -1.856210232 1.299999997
corplab/images/30.png -1.513580084 -2.856210232 1.299999997
corplab/images/1274.png 9.486419916 1.143789768 1.299999997
corplab/images/153.png -0.513580084 -0.856210232 1.299999997
corplab/images/834.png 5.486419916 1.143789768 1.299999997
corplab/images/220.png -0.513580084 5.143789768 1.299999997
corplab/images/816.png 5.486419916 -0.856210232 1.299999997
corplab/images/1738.png 13.48641992 3.143789768 1.299999997
corplab/images/1300.png 9.486419916 3.143789768 1.299999997
corplab/images/395.png 1.486419916 1.143789768 1.299999997
corplab/images/1415.png 10.48641992 4.143789768 1.299999997
corplab/images/295.png 0.486419916 2.143789768 1.299999997
corplab/images/1398.png 10.48641992 2.143789768 1.299999997
corplab/images/1570.png 12.48641992 -2.856210232 1.299999997
corplab/images/1387.png 10.48641992 1.143789768 1.299999997
corplab/images/711.png 4.486419916 0.143789768 1.299999997
corplab/images/598.png 3.486419916 -0.856210232 1.299999997
corplab/images/541.png 2.486419916 5.143789768 1.299999997
corplab/images/359.png 1.486419916 -2.856210232 1.299999997
corplab/images/204.png -0.513580084 4.143789768 1.299999997
corplab/images/509.png 2.486419916 1.143789768 1.299999997
corplab/images/1441.png 11.48641992 -3.856210232 1.299999997
corplab/images/1417.png 10.48641992 4.143789768 1.299999997
corplab/images/702.png 4.486419916 -0.856210232 1.299999997
corplab/images/543.png 2.486419916 5.143789768 1.299999997
corplab/images/1641.png 12.48641992 5.143789768 1.299999997
corplab/images/800.png 5.486419916 -2.856210232 1.299999997
corplab/images/803.png 5.486419916 -1.856210232 1.299999997
corplab/images/875.png 5.486419916 5.143789768 1.299999997
corplab/images/1733.png 13.48641992 3.143789768 1.299999997
corplab/images/1492.png 11.48641992 1.143789768 1.299999997
corplab/images/65.png -1.513580084 1.143789768 1.299999997
corplab/images/1385.png 10.48641992 1.143789768 1.299999997
corplab/images/1078.png 7.486419916 3.143789768 1.299999997
corplab/images/92.png -1.513580084 4.143789768 1.299999997
corplab/images/492.png 2.486419916 0.143789768 1.299999997
corplab/images/437.png 1.486419916 5.143789768 1.299999997
corplab/images/791.png 5.486419916 -2.856210232 1.299999997
corplab/images/1223.png 9.486419916 -3.856210232 1.299999997
corplab/images/1287.png 9.486419916 2.143789768 1.299999997
corplab/images/867.png 5.486419916 4.143789768 1.299999997
corplab/images/1601.png 12.48641992 1.143789768 1.299999997
corplab/images/1572.png 12.48641992 -1.856210232 1.299999997
corplab/images/382.png 1.486419916 0.143789768 1.299999997
corplab/images/1970.png 15.48641992 4.143789768 1.299999997
corplab/images/628.png 3.486419916 2.143789768 1.299999997
corplab/images/1487.png 11.48641992 0.143789768 1.299999997
corplab/images/939.png 6.486419916 0.143789768 1.299999997
corplab/images/603.png 3.486419916 0.143789768 1.299999997
corplab/images/275.png 0.486419916 0.143789768 1.299999997
corplab/images/785.png 5.486419916 -3.856210232 1.299999997
corplab/images/1704.png 13.48641992 0.143789768 1.299999997
corplab/images/634.png 3.486419916 3.143789768 1.299999997
corplab/images/1366.png 10.48641992 -0.856210232 1.299999997
corplab/images/1522.png 11.48641992 4.143789768 1.299999997
corplab/images/1134.png 8.486419916 -1.856210232 1.299999997
corplab/images/624.png 3.486419916 2.143789768 1.299999997
corplab/images/1295.png 9.486419916 3.143789768 1.299999997
corplab/images/502.png 2.486419916 1.143789768 1.299999997
corplab/images/1343.png 10.48641992 -2.856210232 1.299999997
corplab/images/1378.png 10.48641992 0.143789768 1.299999997
corplab/images/2085.png 16.48641992 5.143789768 1.299999997
corplab/images/1248.png 9.486419916 -1.856210232 1.299999997
corplab/images/630.png 3.486419916 2.143789768 1.299999997
corplab/images/558.png 3.486419916 -4.856210232 1.299999997
corplab/images/609.png 3.486419916 0.143789768 1.299999997
corplab/images/1523.png 11.48641992 4.143789768 1.299999997
corplab/images/1547.png 12.48641992 -4.856210232 1.299999997
corplab/images/97.png -1.513580084 4.143789768 1.299999997
corplab/images/1963.png 15.48641992 4.143789768 1.299999997
corplab/images/384.png 1.486419916 0.143789768 1.299999997
corplab/images/63.png -1.513580084 1.143789768 1.299999997
corplab/images/223.png 0.486419916 -4.856210232 1.299999997
corplab/images/1593.png 12.48641992 0.143789768 1.299999997
corplab/images/708.png 4.486419916 -0.856210232 1.299999997
corplab/images/977.png 6.486419916 4.143789768 1.299999997
corplab/images/323.png 0.486419916 5.143789768 1.299999997
corplab/images/1080.png 7.486419916 3.143789768 1.299999997
corplab/images/936.png 6.486419916 0.143789768 1.299999997
corplab/images/1624.png 12.48641992 3.143789768 1.299999997
corplab/images/1097.png 7.486419916 5.143789768 1.299999997
corplab/images/514.png 2.486419916 2.143789768 1.299999997
corplab/images/811.png 5.486419916 -0.856210232 1.299999997
corplab/images/1145.png 8.486419916 -0.856210232 1.299999997
corplab/images/1509.png 11.48641992 2.143789768 1.299999997
corplab/images/363.png 1.486419916 -1.856210232 1.299999997
corplab/images/850.png 5.486419916 2.143789768 1.299999997
corplab/images/438.png 1.486419916 5.143789768 1.299999997
corplab/images/234.png 0.486419916 -3.856210232 1.299999997
corplab/images/1560.png 12.48641992 -3.856210232 1.299999997
corplab/images/838.png 5.486419916 1.143789768 1.299999997
corplab/images/1534.png 11.48641992 5.143789768 1.299999997
corplab/images/70.png -1.513580084 1.143789768 1.299999997
corplab/images/1639.png 12.48641992 4.143789768 1.299999997
corplab/images/402.png 1.486419916 2.143789768 1.299999997
corplab/images/31.png -1.513580084 -1.856210232 1.299999997
corplab/images/621.png 3.486419916 2.143789768 1.299999997
corplab/images/1757.png 13.48641992 5.143789768 1.299999997
corplab/images/1696.png 13.48641992 -0.856210232 1.299999997
corplab/images/1239.png 9.486419916 -2.856210232 1.299999997
corplab/images/1394.png 10.48641992 2.143789768 1.299999997
corplab/images/1654.png 13.48641992 -4.856210232 1.299999997
corplab/images/869.png 5.486419916 4.143789768 1.299999997
corplab/images/451.png 2.486419916 -3.856210232 1.299999997
corplab/images/1129.png 8.486419916 -2.856210232 1.299999997
corplab/images/473.png 2.486419916 -1.856210232 1.299999997
corplab/images/1178.png 8.486419916 2.143789768 1.299999997
corplab/images/193.png -0.513580084 3.143789768 1.299999997
corplab/images/1445.png 11.48641992 -3.856210232 1.299999997
corplab/images/1569.png 12.48641992 -2.856210232 1.299999997
corplab/images/283.png 0.486419916 1.143789768 1.299999997
corplab/images/533.png 2.486419916 4.143789768 1.299999997
corplab/images/1821.png 14.48641992 1.143789768 1.299999997
corplab/images/1758.png 13.48641992 5.143789768 1.299999997
corplab/images/1430.png 10.48641992 5.143789768 1.299999997
corplab/images/1610.png 12.48641992 1.143789768 1.299999997
corplab/images/916.png 6.486419916 -1.856210232 1.299999997
corplab/images/1310.png 9.486419916 4.143789768 1.299999997
corplab/images/918.png 6.486419916 -1.856210232 1.299999997
corplab/images/843.png 5.486419916 2.143789768 1.299999997
corplab/images/1265.png 9.486419916 0.143789768 1.299999997
corplab/images/1286.png 9.486419916 2.143789768 1.299999997
corplab/images/1158.png 8.486419916 0.143789768 1.299999997
corplab/images/1505.png 11.48641992 2.143789768 1.299999997
corplab/images/639.png 3.486419916 3.143789768 1.299999997
corplab/images/1555.png 12.48641992 -3.856210232 1.299999997
corplab/images/504.png 2.486419916 1.143789768 1.299999997
corplab/images/912.png 6.486419916 -1.856210232 1.299999997
corplab/images/1096.png 7.486419916 5.143789768 1.299999997
corplab/images/1674.png 13.48641992 -2.856210232 1.299999997
corplab/images/865.png 5.486419916 4.143789768 1.299999997
corplab/images/102.png -1.513580084 5.143789768 1.299999997
corplab/images/1599.png 12.48641992 0.143789768 1.299999997
corplab/images/1444.png 11.48641992 -3.856210232 1.299999997
corplab/images/377.png 1.486419916 -0.856210232 1.299999997
corplab/images/269.png 0.486419916 -0.856210232 1.299999997
corplab/images/305.png 0.486419916 3.143789768 1.299999997
corplab/images/596.png 3.486419916 -0.856210232 1.299999997
corplab/images/585.png 3.486419916 -1.856210232 1.299999997
corplab/images/1450.png 11.48641992 -3.856210232 1.299999997
corplab/images/342.png 1.486419916 -3.856210232 1.299999997
corplab/images/1702.png 13.48641992 0.143789768 1.299999997
corplab/images/991.png 7.486419916 -4.856210232 1.299999997
corplab/images/1759.png 13.48641992 5.143789768 1.299999997
corplab/images/1731.png 13.48641992 3.143789768 1.299999997
corplab/images/566.png 3.486419916 -3.856210232 1.299999997
corplab/images/85.png -1.513580084 3.143789768 1.299999997
corplab/images/1685.png 13.48641992 -1.856210232 1.299999997
corplab/images/1955.png 15.48641992 3.143789768 1.299999997
corplab/images/343.png 1.486419916 -3.856210232 1.299999997
corplab/images/210.png -0.513580084 4.143789768 1.299999997
corplab/images/1377.png 10.48641992 0.143789768 1.299999997
corplab/images/1517.png 11.48641992 3.143789768 1.299999997
corplab/images/1740.png 13.48641992 3.143789768 1.299999997
corplab/images/521.png 2.486419916 3.143789768 1.299999997
corplab/images/412.png 1.486419916 3.143789768 1.299999997
corplab/images/635.png 3.486419916 3.143789768 1.299999997
corplab/images/1551.png 12.48641992 -3.856210232 1.299999997
corplab/images/823.png 5.486419916 0.143789768 1.299999997
corplab/images/1181.png 8.486419916 3.143789768 1.299999997
corplab/images/1860.png 14.48641992 4.143789768 1.299999997
corplab/images/1271.png 9.486419916 1.143789768 1.299999997
corplab/images/564.png 3.486419916 -3.856210232 1.299999997
corplab/images/444.png 2.486419916 -4.856210232 1.299999997
corplab/images/366.png 1.486419916 -1.856210232 1.299999997
corplab/images/883.png 6.486419916 -4.856210232 1.299999997
corplab/images/1334.png 10.48641992 -3.856210232 1.299999997
corplab/images/1206.png 8.486419916 5.143789768 1.299999997
corplab/images/1124.png 8.486419916 -2.856210232 1.299999997
corplab/images/452.png 2.486419916 -3.856210232 1.299999997
corplab/images/937.png 6.486419916 0.143789768 1.299999997
corplab/images/442.png 2.486419916 -4.856210232 1.299999997
corplab/images/583.png 3.486419916 -1.856210232 1.299999997
corplab/images/511.png 2.486419916 2.143789768 1.299999997
corplab/images/1376.png 10.48641992 0.143789768 1.299999997
corplab/images/225.png 0.486419916 -4.856210232 1.299999997
corplab/images/1305.png 9.486419916 4.143789768 1.299999997
corplab/images/35.png -1.513580084 -1.856210232 1.299999997
corplab/images/43.png -1.513580084 -0.856210232 1.299999997
corplab/images/1463.png 11.48641992 -1.856210232 1.299999997
corplab/images/1253.png 9.486419916 -0.856210232 1.299999997
corplab/images/946.png 6.486419916 1.143789768 1.299999997
corplab/images/294.png 0.486419916 2.143789768 1.299999997
corplab/images/878.png 5.486419916 5.143789768 1.299999997
corplab/images/1649.png 12.48641992 5.143789768 1.299999997
corplab/images/148.png -0.513580084 -1.856210232 1.299999997
corplab/images/1613.png 12.48641992 2.143789768 1.299999997
corplab/images/730.png 4.486419916 1.143789768 1.299999997
corplab/images/1294.png 9.486419916 3.143789768 1.299999997
corplab/images/1530.png 11.48641992 4.143789768 1.299999997
corplab/images/1476.png 11.48641992 -0.856210232 1.299999997
corplab/images/338.png 1.486419916 -4.856210232 1.299999997
corplab/images/1392.png 10.48641992 2.143789768 1.299999997
corplab/images/1862.png 14.48641992 5.143789768 1.299999997
corplab/images/310.png 0.486419916 3.143789768 1.299999997
corplab/images/1058.png 7.486419916 1.143789768 1.299999997
corplab/images/89.png -1.513580084 3.143789768 1.299999997
corplab/images/1513.png 11.48641992 3.143789768 1.299999997
corplab/images/595.png 3.486419916 -0.856210232 1.299999997
corplab/images/375.png 1.486419916 -0.856210232 1.299999997
corplab/images/1711.png 13.48641992 1.143789768 1.299999997
corplab/images/176.png -0.513580084 1.143789768 1.299999997
corplab/images/1827.png 14.48641992 1.143789768 1.299999997
corplab/images/1863.png 14.48641992 5.143789768 1.299999997
corplab/images/1308.png 9.486419916 4.143789768 1.299999997
corplab/images/560.png 3.486419916 -4.856210232 1.299999997
corplab/images/1128.png 8.486419916 -2.856210232 1.299999997
corplab/images/647.png 3.486419916 4.143789768 1.299999997
corplab/images/1647.png 12.48641992 5.143789768 1.299999997
corplab/images/2047.png 16.48641992 1.143789768 1.299999997
corplab/images/1559.png 12.48641992 -3.856210232 1.299999997
corplab/images/1714.png 13.48641992 1.143789768 1.299999997
corplab/images/505.png 2.486419916 1.143789768 1.299999997
corplab/images/1191.png 8.486419916 4.143789768 1.299999997
corplab/images/424.png 1.486419916 4.143789768 1.299999997
corplab/images/138.png -0.513580084 -2.856210232 1.299999997
corplab/images/925.png 6.486419916 -0.856210232 1.299999997
corplab/images/1268.png 9.486419916 0.143789768 1.299999997
corplab/images/1164.png 8.486419916 1.143789768 1.299999997
corplab/images/1068.png 7.486419916 2.143789768 1.299999997
corplab/images/872.png 5.486419916 5.143789768 1.299999997
corplab/images/1424.png 10.48641992 5.143789768 1.299999997
corplab/images/548.png 2.486419916 5.143789768 1.299999997
corplab/images/260.png 0.486419916 -1.856210232 1.299999997
corplab/images/2045.png 16.48641992 1.143789768 1.299999997
corplab/images/1393.png 10.48641992 2.143789768 1.299999997
corplab/images/1931.png 15.48641992 1.143789768 1.299999997
corplab/images/345.png 1.486419916 -3.856210232 1.299999997
corplab/images/1742.png 13.48641992 4.143789768 1.299999997
corplab/images/733.png 4.486419916 2.143789768 1.299999997
corplab/images/789.png 5.486419916 -3.856210232 1.299999997
corplab/images/827.png 5.486419916 0.143789768 1.299999997
corplab/images/1460.png 11.48641992 -2.856210232 1.299999997
corplab/images/464.png 2.486419916 -2.856210232 1.299999997
corplab/images/985.png 6.486419916 5.143789768 1.299999997
corplab/images/1506.png 11.48641992 2.143789768 1.299999997
corplab/images/1833.png 14.48641992 2.143789768 1.299999997
corplab/images/1304.png 9.486419916 4.143789768 1.299999997
corplab/images/1617.png 12.48641992 2.143789768 1.299999997
corplab/images/152.png -0.513580084 -0.856210232 1.299999997
corplab/images/77.png -1.513580084 2.143789768 1.299999997
corplab/images/748.png 4.486419916 3.143789768 1.299999997
corplab/images/747.png 4.486419916 3.143789768 1.299999997
corplab/images/339.png 1.486419916 -4.856210232 1.299999997
corplab/images/1621.png 12.48641992 3.143789768 1.299999997
corplab/images/1076.png 7.486419916 3.143789768 1.299999997
corplab/images/1125.png 8.486419916 -2.856210232 1.299999997
corplab/images/227.png 0.486419916 -4.856210232 1.299999997
corplab/images/1153.png 8.486419916 0.143789768 1.299999997
corplab/images/1457.png 11.48641992 -2.856210232 1.299999997
corplab/images/1760.png 13.48641992 5.143789768 1.299999997
corplab/images/1176.png 8.486419916 2.143789768 1.299999997
corplab/images/689.png 4.486419916 -2.856210232 1.299999997
corplab/images/1050.png 7.486419916 0.143789768 1.299999997
corplab/images/1947.png 15.48641992 2.143789768 1.299999997
corplab/images/337.png 1.486419916 -4.856210232 1.299999997
corplab/images/1222.png 9.486419916 -3.856210232 1.299999997
corplab/images/919.png 6.486419916 -1.856210232 1.299999997
corplab/images/1710.png 13.48641992 0.143789768 1.299999997
corplab/images/1010.png 7.486419916 -3.856210232 1.299999997
corplab/images/2082.png 16.48641992 5.143789768 1.299999997
corplab/images/1218.png 9.486419916 -4.856210232 1.299999997
corplab/images/2042.png 16.48641992 1.143789768 1.299999997
corplab/images/1005.png 7.486419916 -3.856210232 1.299999997
corplab/images/947.png 6.486419916 1.143789768 1.299999997
corplab/images/1481.png 11.48641992 0.143789768 1.299999997
corplab/images/1635.png 12.48641992 4.143789768 1.299999997
corplab/images/710.png 4.486419916 -0.856210232 1.299999997
corplab/images/1431.png 11.48641992 -4.856210232 1.299999997
corplab/images/355.png 1.486419916 -2.856210232 1.299999997
corplab/images/1281.png 9.486419916 2.143789768 1.299999997
corplab/images/1724.png 13.48641992 2.143789768 1.299999997
corplab/images/599.png 3.486419916 -0.856210232 1.299999997
corplab/images/1121.png 8.486419916 -2.856210232 1.299999997
corplab/images/1425.png 10.48641992 5.143789768 1.299999997
corplab/images/1540.png 11.48641992 5.143789768 1.299999997
corplab/images/124.png -0.513580084 -3.856210232 1.299999997
corplab/images/1491.png 11.48641992 1.143789768 1.299999997
corplab/images/1189.png 8.486419916 3.143789768 1.299999997
corplab/images/172.png -0.513580084 1.143789768 1.299999997
corplab/images/1653.png 13.48641992 -4.856210232 1.299999997
corplab/images/443.png 2.486419916 -4.856210232 1.299999997
corplab/images/745.png 4.486419916 3.143789768 1.299999997
corplab/images/892.png 6.486419916 -3.856210232 1.299999997
corplab/images/873.png 5.486419916 5.143789768 1.299999997
corplab/images/1953.png 15.48641992 3.143789768 1.299999997
corplab/images/879.png 5.486419916 5.143789768 1.299999997
corplab/images/602.png 3.486419916 0.143789768 1.299999997
corplab/images/856.png 5.486419916 3.143789768 1.299999997
corplab/images/1824.png 14.48641992 1.143789768 1.299999997
corplab/images/905.png 6.486419916 -2.856210232 1.299999997
corplab/images/820.png 5.486419916 -0.856210232 1.299999997
corplab/images/1159.png 8.486419916 0.143789768 1.299999997
corplab/images/346.png 1.486419916 -3.856210232 1.299999997
corplab/images/21.png -1.513580084 -2.856210232 1.299999997
corplab/images/1959.png 15.48641992 3.143789768 1.299999997
corplab/images/1525.png 11.48641992 4.143789768 1.299999997
corplab/images/1754.png 13.48641992 5.143789768 1.299999997
corplab/images/671.png 4.486419916 -3.856210232 1.299999997
corplab/images/1270.png 9.486419916 0.143789768 1.299999997
corplab/images/952.png 6.486419916 2.143789768 1.299999997
corplab/images/841.png 5.486419916 2.143789768 1.299999997
corplab/images/1748.png 13.48641992 4.143789768 1.299999997
corplab/images/357.png 1.486419916 -2.856210232 1.299999997
corplab/images/367.png 1.486419916 -1.856210232 1.299999997
corplab/images/654.png 3.486419916 5.143789768 1.299999997
corplab/images/184.png -0.513580084 2.143789768 1.299999997
corplab/images/765.png 4.486419916 5.143789768 1.299999997
corplab/images/380.png 1.486419916 -0.856210232 1.299999997
corplab/images/1363.png 10.48641992 -0.856210232 1.299999997
corplab/images/1144.png 8.486419916 -0.856210232 1.299999997
corplab/images/1735.png 13.48641992 3.143789768 1.299999997
corplab/images/790.png 5.486419916 -3.856210232 1.299999997
corplab/images/857.png 5.486419916 3.143789768 1.299999997
corplab/images/1951.png 15.48641992 3.143789768 1.299999997
corplab/images/1964.png 15.48641992 4.143789768 1.299999997
corplab/images/847.png 5.486419916 2.143789768 1.299999997
corplab/images/551.png 3.486419916 -4.856210232 1.299999997
corplab/images/423.png 1.486419916 4.143789768 1.299999997
corplab/images/1372.png 10.48641992 0.143789768 1.299999997
corplab/images/824.png 5.486419916 0.143789768 1.299999997
corplab/images/1390.png 10.48641992 1.143789768 1.299999997
corplab/images/1338.png 10.48641992 -3.856210232 1.299999997
corplab/images/935.png 6.486419916 0.143789768 1.299999997
corplab/images/1604.png 12.48641992 1.143789768 1.299999997
corplab/images/617.png 3.486419916 1.143789768 1.299999997
corplab/images/555.png 3.486419916 -4.856210232 1.299999997
corplab/images/904.png 6.486419916 -2.856210232 1.299999997
corplab/images/987.png 6.486419916 5.143789768 1.299999997
corplab/images/73.png -1.513580084 2.143789768 1.299999997
corplab/images/307.png 0.486419916 3.143789768 1.299999997
corplab/images/457.png 2.486419916 -3.856210232 1.299999997
corplab/images/1495.png 11.48641992 1.143789768 1.299999997
corplab/images/966.png 6.486419916 3.143789768 1.299999997
corplab/images/224.png 0.486419916 -4.856210232 1.299999997
corplab/images/1865.png 14.48641992 5.143789768 1.299999997
corplab/images/1670.png 13.48641992 -3.856210232 1.299999997
corplab/images/768.png 4.486419916 5.143789768 1.299999997
corplab/images/1412.png 10.48641992 4.143789768 1.299999997
corplab/images/973.png 6.486419916 4.143789768 1.299999997
corplab/images/1391.png 10.48641992 2.143789768 1.299999997
corplab/images/901.png 6.486419916 -2.856210232 1.299999997
corplab/images/1585.png 12.48641992 -0.856210232 1.299999997
corplab/images/1514.png 11.48641992 3.143789768 1.299999997
corplab/images/415.png 1.486419916 3.143789768 1.299999997
corplab/images/957.png 6.486419916 2.143789768 1.299999997
corplab/images/1575.png 12.48641992 -1.856210232 1.299999997
corplab/images/1558.png 12.48641992 -3.856210232 1.299999997
corplab/images/1866.png 14.48641992 5.143789768 1.299999997
corplab/images/221.png 0.486419916 -4.856210232 1.299999997
corplab/images/773.png 5.486419916 -4.856210232 1.299999997
corplab/images/1373.png 10.48641992 0.143789768 1.299999997
corplab/images/1039.png 7.486419916 -0.856210232 1.299999997
corplab/images/709.png 4.486419916 -0.856210232 1.299999997
corplab/images/215.png -0.513580084 5.143789768 1.299999997
corplab/images/1143.png 8.486419916 -0.856210232 1.299999997
corplab/images/407.png 1.486419916 2.143789768 1.299999997
corplab/images/421.png 1.486419916 4.143789768 1.299999997
corplab/images/194.png -0.513580084 3.143789768 1.299999997
corplab/images/1409.png 10.48641992 3.143789768 1.299999997
corplab/images/1197.png 8.486419916 4.143789768 1.299999997
corplab/images/663.png 4.486419916 -4.856210232 1.299999997
corplab/images/1852.png 14.48641992 4.143789768 1.299999997
corplab/images/253.png 0.486419916 -1.856210232 1.299999997
corplab/images/433.png 1.486419916 5.143789768 1.299999997
corplab/images/1184.png 8.486419916 3.143789768 1.299999997
corplab/images/523.png 2.486419916 3.143789768 1.299999997
corplab/images/1016.png 7.486419916 -2.856210232 1.299999997
corplab/images/126.png -0.513580084 -3.856210232 1.299999997
corplab/images/106.png -1.513580084 5.143789768 1.299999997
corplab/images/815.png 5.486419916 -0.856210232 1.299999997
corplab/images/1414.png 10.48641992 4.143789768 1.299999997
corplab/images/1250.png 9.486419916 -1.856210232 1.299999997
corplab/images/590.png 3.486419916 -1.856210232 1.299999997
corplab/images/1332.png 10.48641992 -3.856210232 1.299999997
corplab/images/1756.png 13.48641992 5.143789768 1.299999997
corplab/images/536.png 2.486419916 4.143789768 1.299999997
corplab/images/1562.png 12.48641992 -2.856210232 1.299999997
corplab/images/1755.png 13.48641992 5.143789768 1.299999997
corplab/images/818.png 5.486419916 -0.856210232 1.299999997
corplab/images/1003.png 7.486419916 -3.856210232 1.299999997
corplab/images/1152.png 8.486419916 0.143789768 1.299999997
corplab/images/413.png 1.486419916 3.143789768 1.299999997
corplab/images/1835.png 14.48641992 2.143789768 1.299999997
corplab/images/1527.png 11.48641992 4.143789768 1.299999997
corplab/images/1095.png 7.486419916 5.143789768 1.299999997
corplab/images/707.png 4.486419916 -0.856210232 1.299999997
corplab/images/1498.png 11.48641992 1.143789768 1.299999997
corplab/images/1734.png 13.48641992 3.143789768 1.299999997
corplab/images/1046.png 7.486419916 0.143789768 1.299999997
corplab/images/146.png -0.513580084 -1.856210232 1.299999997
corplab/images/1056.png 7.486419916 1.143789768 1.299999997
corplab/images/1207.png 8.486419916 5.143789768 1.299999997
corplab/images/1243.png 9.486419916 -1.856210232 1.299999997
corplab/images/674.png 4.486419916 -3.856210232 1.299999997
corplab/images/1465.png 11.48641992 -1.856210232 1.299999997
corplab/images/659.png 3.486419916 5.143789768 1.299999997
corplab/images/975.png 6.486419916 4.143789768 1.299999997
corplab/images/1977.png 15.48641992 5.143789768 1.299999997
corplab/images/1528.png 11.48641992 4.143789768 1.299999997
corplab/images/120.png -0.513580084 -4.856210232 1.299999997
corplab/images/513.png 2.486419916 2.143789768 1.299999997
corplab/images/1399.png 10.48641992 2.143789768 1.299999997
corplab/images/1859.png 14.48641992 4.143789768 1.299999997
corplab/images/1049.png 7.486419916 0.143789768 1.299999997
corplab/images/399.png 1.486419916 1.143789768 1.299999997
corplab/images/36.png -1.513580084 -1.856210232 1.299999997
corplab/images/1718.png 13.48641992 1.143789768 1.299999997
corplab/images/255.png 0.486419916 -1.856210232 1.299999997
corplab/images/503.png 2.486419916 1.143789768 1.299999997
corplab/images/633.png 3.486419916 3.143789768 1.299999997
corplab/images/1242.png 9.486419916 -1.856210232 1.299999997
corplab/images/1452.png 11.48641992 -2.856210232 1.299999997
corplab/images/1828.png 14.48641992 1.143789768 1.299999997
corplab/images/783.png 5.486419916 -3.856210232 1.299999997
corplab/images/1221.png 9.486419916 -3.856210232 1.299999997
corplab/images/410.png 1.486419916 2.143789768 1.299999997
corplab/images/868.png 5.486419916 4.143789768 1.299999997
corplab/images/1485.png 11.48641992 0.143789768 1.299999997
corplab/images/1611.png 12.48641992 2.143789768 1.299999997
corplab/images/1093.png 7.486419916 5.143789768 1.299999997
corplab/images/1110.png 8.486419916 -4.856210232 1.299999997
corplab/images/573.png 3.486419916 -2.856210232 1.299999997
corplab/images/1839.png 14.48641992 2.143789768 1.299999997